(kicad_pcb (version 20171130) (host pcbnew 5.1.4-e60b266~84~ubuntu18.04.1)

  (general
    (thickness 1.6)
    (drawings 10)
    (tracks 576)
    (zones 0)
    (modules 43)
    (nets 41)
  )

  (page A4)
  (title_block
    (title "Carte Base")
    (date 2019-10-01)
    (rev 1.0)
    (company "INSA GEI")
  )

  (layers
    (0 F.Cu signal)
    (31 B.Cu signal)
    (32 B.Adhes user)
    (33 F.Adhes user)
    (34 B.Paste user)
    (35 F.Paste user)
    (36 B.SilkS user)
    (37 F.SilkS user)
    (38 B.Mask user)
    (39 F.Mask user)
    (40 Dwgs.User user)
    (41 Cmts.User user)
    (42 Eco1.User user)
    (43 Eco2.User user)
    (44 Edge.Cuts user)
    (45 Margin user)
    (46 B.CrtYd user)
    (47 F.CrtYd user)
    (48 B.Fab user hide)
    (49 F.Fab user hide)
  )

  (setup
    (last_trace_width 0.25)
    (user_trace_width 0.25)
    (user_trace_width 0.3)
    (user_trace_width 0.35)
    (user_trace_width 0.4)
    (user_trace_width 0.5)
    (user_trace_width 0.7)
    (user_trace_width 1)
    (user_trace_width 2)
    (user_trace_width 3)
    (user_trace_width 4)
    (trace_clearance 0.2)
    (zone_clearance 0.7)
    (zone_45_only yes)
    (trace_min 0.2)
    (via_size 0.8)
    (via_drill 0.4)
    (via_min_size 0.4)
    (via_min_drill 0.3)
    (user_via 1.3 0.7)
    (user_via 1.6 0.8)
    (user_via 1.8 1)
    (uvia_size 0.3)
    (uvia_drill 0.1)
    (uvias_allowed no)
    (uvia_min_size 0.2)
    (uvia_min_drill 0.1)
    (edge_width 0.15)
    (segment_width 0.2)
    (pcb_text_width 0.3)
    (pcb_text_size 1.5 1.5)
    (mod_edge_width 0.15)
    (mod_text_size 1 1)
    (mod_text_width 0.15)
    (pad_size 1.524 1.524)
    (pad_drill 0.762)
    (pad_to_mask_clearance 0.051)
    (solder_mask_min_width 0.25)
    (aux_axis_origin 80 60)
    (grid_origin 80 60)
    (visible_elements FFFFFF7F)
    (pcbplotparams
      (layerselection 0x010f0_ffffffff)
      (usegerberextensions true)
      (usegerberattributes false)
      (usegerberadvancedattributes false)
      (creategerberjobfile false)
      (excludeedgelayer true)
      (linewidth 0.100000)
      (plotframeref false)
      (viasonmask false)
      (mode 1)
      (useauxorigin false)
      (hpglpennumber 1)
      (hpglpenspeed 20)
      (hpglpendiameter 15.000000)
      (psnegative false)
      (psa4output false)
      (plotreference true)
      (plotvalue false)
      (plotinvisibletext false)
      (padsonsilk false)
      (subtractmaskfromsilk false)
      (outputformat 1)
      (mirror false)
      (drillshape 0)
      (scaleselection 1)
      (outputdirectory "./"))
  )

  (net 0 "")
  (net 1 +12V)
  (net 2 GND)
  (net 3 /Consigne_3V3_Avant)
  (net 4 /Consigne_3V3_Arriere)
  (net 5 +3V3)
  (net 6 VDD)
  (net 7 "Net-(C8-Pad1)")
  (net 8 /Alim_12V)
  (net 9 "Net-(J4-Pad1)")
  (net 10 /USART_TX)
  (net 11 "Net-(J4-Pad2)")
  (net 12 /USART_RX)
  (net 13 "Net-(SW1-Pad2)")
  (net 14 /~DAC_SYNC)
  (net 15 /DAC_CLK)
  (net 16 /DAC_DATA)
  (net 17 /Alim_GND)
  (net 18 Vdrive)
  (net 19 "Net-(C15-Pad1)")
  (net 20 "Net-(C16-Pad1)")
  (net 21 "Net-(C17-Pad1)")
  (net 22 "Net-(C18-Pad1)")
  (net 23 /10V_Inclinaison_VA)
  (net 24 /10V_Rotation_Pos)
  (net 25 /10V_Inclinaison_Pos)
  (net 26 /10V_Rotation_VA)
  (net 27 /Consigne_10V_Avant)
  (net 28 /Consigne_10V_Arriere)
  (net 29 "Net-(RN1-Pad3)")
  (net 30 "Net-(RN1-Pad2)")
  (net 31 "Net-(RN1-Pad4)")
  (net 32 "Net-(RN1-Pad1)")
  (net 33 "Net-(RN2-Pad1)")
  (net 34 "Net-(RN2-Pad4)")
  (net 35 "Net-(RN2-Pad2)")
  (net 36 "Net-(RN2-Pad3)")
  (net 37 "Net-(RN3-Pad6)")
  (net 38 "Net-(RN3-Pad5)")
  (net 39 "Net-(RN3-Pad8)")
  (net 40 "Net-(RN3-Pad7)")

  (net_class Default "Ceci est la Netclass par défaut."
    (clearance 0.2)
    (trace_width 0.25)
    (via_dia 0.8)
    (via_drill 0.4)
    (uvia_dia 0.3)
    (uvia_drill 0.1)
    (add_net +12V)
    (add_net +3V3)
    (add_net /10V_Inclinaison_Pos)
    (add_net /10V_Inclinaison_VA)
    (add_net /10V_Rotation_Pos)
    (add_net /10V_Rotation_VA)
    (add_net /Alim_12V)
    (add_net /Alim_GND)
    (add_net /Consigne_10V_Arriere)
    (add_net /Consigne_10V_Avant)
    (add_net /Consigne_3V3_Arriere)
    (add_net /Consigne_3V3_Avant)
    (add_net /DAC_CLK)
    (add_net /DAC_DATA)
    (add_net /USART_RX)
    (add_net /USART_TX)
    (add_net /~DAC_SYNC)
    (add_net GND)
    (add_net "Net-(C15-Pad1)")
    (add_net "Net-(C16-Pad1)")
    (add_net "Net-(C17-Pad1)")
    (add_net "Net-(C18-Pad1)")
    (add_net "Net-(C8-Pad1)")
    (add_net "Net-(J4-Pad1)")
    (add_net "Net-(J4-Pad2)")
    (add_net "Net-(RN1-Pad1)")
    (add_net "Net-(RN1-Pad2)")
    (add_net "Net-(RN1-Pad3)")
    (add_net "Net-(RN1-Pad4)")
    (add_net "Net-(RN2-Pad1)")
    (add_net "Net-(RN2-Pad2)")
    (add_net "Net-(RN2-Pad3)")
    (add_net "Net-(RN2-Pad4)")
    (add_net "Net-(RN3-Pad5)")
    (add_net "Net-(RN3-Pad6)")
    (add_net "Net-(RN3-Pad7)")
    (add_net "Net-(RN3-Pad8)")
    (add_net "Net-(SW1-Pad2)")
    (add_net VDD)
    (add_net Vdrive)
  )

  (module Insa:STM32-Nucleo-32 locked (layer B.Cu) (tedit 5D302C05) (tstamp 5D307992)
    (at 99.05 85.4)
    (path /5D30C73C)
    (fp_text reference U1 (at -11.43 16.51 90) (layer B.SilkS)
      (effects (font (size 1 1) (thickness 0.15)) (justify mirror))
    )
    (fp_text value STM32L031 (at 0 -26.416) (layer B.Fab)
      (effects (font (size 1 1) (thickness 0.15)) (justify mirror))
    )
    (fp_line (start -9.398 26.162) (end 9.398 26.162) (layer B.CrtYd) (width 0.15))
    (fp_line (start 9.398 26.162) (end 9.398 -24.892) (layer B.CrtYd) (width 0.15))
    (fp_line (start 9.398 -24.892) (end -9.144 -24.892) (layer B.CrtYd) (width 0.15))
    (fp_line (start -9.144 -24.892) (end -9.398 -24.892) (layer B.CrtYd) (width 0.15))
    (fp_line (start -9.398 -24.892) (end -9.398 26.162) (layer B.CrtYd) (width 0.15))
    (fp_line (start -9.652 26.416) (end 9.652 26.416) (layer B.SilkS) (width 0.15))
    (fp_line (start 9.652 26.416) (end 9.652 -25.146) (layer B.SilkS) (width 0.15))
    (fp_line (start 9.652 -25.146) (end -9.652 -25.146) (layer B.SilkS) (width 0.15))
    (fp_line (start -9.652 -25.146) (end -9.652 26.416) (layer B.SilkS) (width 0.15))
    (pad 1 thru_hole rect (at -7.62 17.78) (size 1.8 1.8) (drill 1) (layers *.Cu *.Mask))
    (pad 2 thru_hole circle (at -7.62 15.24) (size 1.8 1.8) (drill 1) (layers *.Cu *.Mask))
    (pad 3 thru_hole circle (at -7.62 12.7) (size 1.8 1.8) (drill 1) (layers *.Cu *.Mask))
    (pad 4 thru_hole circle (at -7.62 10.16) (size 1.8 1.8) (drill 1) (layers *.Cu *.Mask)
      (net 2 GND))
    (pad 5 thru_hole circle (at -7.62 7.62) (size 1.8 1.8) (drill 1) (layers *.Cu *.Mask))
    (pad 6 thru_hole circle (at -7.62 5.08) (size 1.8 1.8) (drill 1) (layers *.Cu *.Mask))
    (pad 7 thru_hole circle (at -7.62 2.54) (size 1.8 1.8) (drill 1) (layers *.Cu *.Mask))
    (pad 8 thru_hole circle (at -7.62 0) (size 1.8 1.8) (drill 1) (layers *.Cu *.Mask))
    (pad 9 thru_hole circle (at -7.62 -2.54) (size 1.8 1.8) (drill 1) (layers *.Cu *.Mask))
    (pad 10 thru_hole circle (at -7.62 -5.08) (size 1.8 1.8) (drill 1) (layers *.Cu *.Mask))
    (pad 11 thru_hole circle (at -7.62 -7.62) (size 1.8 1.8) (drill 1) (layers *.Cu *.Mask))
    (pad 12 thru_hole circle (at -7.62 -10.16) (size 1.8 1.8) (drill 1) (layers *.Cu *.Mask))
    (pad 13 thru_hole circle (at -7.62 -12.7) (size 1.8 1.8) (drill 1) (layers *.Cu *.Mask))
    (pad 14 thru_hole circle (at -7.62 -15.24) (size 1.8 1.8) (drill 1) (layers *.Cu *.Mask))
    (pad 15 thru_hole circle (at -7.62 -17.78) (size 1.8 1.8) (drill 1) (layers *.Cu *.Mask))
    (pad 16 thru_hole circle (at 7.62 -17.78) (size 1.8 1.8) (drill 1) (layers *.Cu *.Mask))
    (pad 17 thru_hole circle (at 7.62 -15.24) (size 1.8 1.8) (drill 1) (layers *.Cu *.Mask)
      (net 5 +3V3))
    (pad 18 thru_hole circle (at 7.62 -12.7) (size 1.8 1.8) (drill 1) (layers *.Cu *.Mask)
      (net 7 "Net-(C8-Pad1)"))
    (pad 19 thru_hole circle (at 7.62 -10.16) (size 1.8 1.8) (drill 1) (layers *.Cu *.Mask)
      (net 3 /Consigne_3V3_Avant))
    (pad 20 thru_hole circle (at 7.62 -7.62) (size 1.8 1.8) (drill 1) (layers *.Cu *.Mask)
      (net 4 /Consigne_3V3_Arriere))
    (pad 21 thru_hole circle (at 7.62 -5.08) (size 1.8 1.8) (drill 1) (layers *.Cu *.Mask)
      (net 10 /USART_TX))
    (pad 22 thru_hole circle (at 7.62 -2.54) (size 1.8 1.8) (drill 1) (layers *.Cu *.Mask)
      (net 14 /~DAC_SYNC))
    (pad 23 thru_hole circle (at 7.62 0) (size 1.8 1.8) (drill 1) (layers *.Cu *.Mask)
      (net 15 /DAC_CLK))
    (pad 24 thru_hole circle (at 7.62 2.54) (size 1.8 1.8) (drill 1) (layers *.Cu *.Mask))
    (pad 25 thru_hole circle (at 7.62 5.08) (size 1.8 1.8) (drill 1) (layers *.Cu *.Mask)
      (net 16 /DAC_DATA))
    (pad 26 thru_hole circle (at 7.62 7.62) (size 1.8 1.8) (drill 1) (layers *.Cu *.Mask)
      (net 12 /USART_RX))
    (pad 27 thru_hole circle (at 7.62 10.16) (size 1.8 1.8) (drill 1) (layers *.Cu *.Mask))
    (pad 28 thru_hole circle (at 7.62 12.7) (size 1.8 1.8) (drill 1) (layers *.Cu *.Mask)
      (net 13 "Net-(SW1-Pad2)"))
    (pad 29 thru_hole circle (at 7.62 15.24) (size 1.8 1.8) (drill 1) (layers *.Cu *.Mask)
      (net 2 GND))
    (pad 30 thru_hole circle (at 7.62 17.78) (size 1.8 1.8) (drill 1) (layers *.Cu *.Mask)
      (net 6 VDD))
  )

  (module Capacitor_SMD:C_1206_3216Metric_Pad1.42x1.75mm_HandSolder (layer F.Cu) (tedit 5B301BBE) (tstamp 5D8DFDEE)
    (at 157.8875 80.955)
    (descr "Capacitor SMD 1206 (3216 Metric), square (rectangular) end terminal, IPC_7351 nominal with elongated pad for handsoldering. (Body size source: http://www.tortai-tech.com/upload/download/2011102023233369053.pdf), generated with kicad-footprint-generator")
    (tags "capacitor handsolder")
    (path /5D325FE2)
    (attr smd)
    (fp_text reference C2 (at 0 -1.82) (layer F.SilkS)
      (effects (font (size 1 1) (thickness 0.15)))
    )
    (fp_text value 100nF (at 0 1.82) (layer F.Fab)
      (effects (font (size 1 1) (thickness 0.15)))
    )
    (fp_text user %R (at 0 0) (layer F.Fab)
      (effects (font (size 0.8 0.8) (thickness 0.12)))
    )
    (fp_line (start 2.45 1.12) (end -2.45 1.12) (layer F.CrtYd) (width 0.05))
    (fp_line (start 2.45 -1.12) (end 2.45 1.12) (layer F.CrtYd) (width 0.05))
    (fp_line (start -2.45 -1.12) (end 2.45 -1.12) (layer F.CrtYd) (width 0.05))
    (fp_line (start -2.45 1.12) (end -2.45 -1.12) (layer F.CrtYd) (width 0.05))
    (fp_line (start -0.602064 0.91) (end 0.602064 0.91) (layer F.SilkS) (width 0.12))
    (fp_line (start -0.602064 -0.91) (end 0.602064 -0.91) (layer F.SilkS) (width 0.12))
    (fp_line (start 1.6 0.8) (end -1.6 0.8) (layer F.Fab) (width 0.1))
    (fp_line (start 1.6 -0.8) (end 1.6 0.8) (layer F.Fab) (width 0.1))
    (fp_line (start -1.6 -0.8) (end 1.6 -0.8) (layer F.Fab) (width 0.1))
    (fp_line (start -1.6 0.8) (end -1.6 -0.8) (layer F.Fab) (width 0.1))
    (pad 2 smd roundrect (at 1.4875 0) (size 1.425 1.75) (layers F.Cu F.Paste F.Mask) (roundrect_rratio 0.175439)
      (net 2 GND))
    (pad 1 smd roundrect (at -1.4875 0) (size 1.425 1.75) (layers F.Cu F.Paste F.Mask) (roundrect_rratio 0.175439)
      (net 6 VDD))
    (model ${KISYS3DMOD}/Capacitor_SMD.3dshapes/C_1206_3216Metric.wrl
      (at (xyz 0 0 0))
      (scale (xyz 1 1 1))
      (rotate (xyz 0 0 0))
    )
  )

  (module Capacitor_SMD:C_1206_3216Metric_Pad1.42x1.75mm_HandSolder (layer F.Cu) (tedit 5B301BBE) (tstamp 5D8DFE12)
    (at 126.99 92.385 180)
    (descr "Capacitor SMD 1206 (3216 Metric), square (rectangular) end terminal, IPC_7351 nominal with elongated pad for handsoldering. (Body size source: http://www.tortai-tech.com/upload/download/2011102023233369053.pdf), generated with kicad-footprint-generator")
    (tags "capacitor handsolder")
    (path /5D31018C)
    (attr smd)
    (fp_text reference C5 (at 0 1.905) (layer F.SilkS)
      (effects (font (size 1 1) (thickness 0.15)))
    )
    (fp_text value 100nF (at 0 1.82) (layer F.Fab)
      (effects (font (size 1 1) (thickness 0.15)))
    )
    (fp_text user %R (at 0 0) (layer F.Fab)
      (effects (font (size 0.8 0.8) (thickness 0.12)))
    )
    (fp_line (start 2.45 1.12) (end -2.45 1.12) (layer F.CrtYd) (width 0.05))
    (fp_line (start 2.45 -1.12) (end 2.45 1.12) (layer F.CrtYd) (width 0.05))
    (fp_line (start -2.45 -1.12) (end 2.45 -1.12) (layer F.CrtYd) (width 0.05))
    (fp_line (start -2.45 1.12) (end -2.45 -1.12) (layer F.CrtYd) (width 0.05))
    (fp_line (start -0.602064 0.91) (end 0.602064 0.91) (layer F.SilkS) (width 0.12))
    (fp_line (start -0.602064 -0.91) (end 0.602064 -0.91) (layer F.SilkS) (width 0.12))
    (fp_line (start 1.6 0.8) (end -1.6 0.8) (layer F.Fab) (width 0.1))
    (fp_line (start 1.6 -0.8) (end 1.6 0.8) (layer F.Fab) (width 0.1))
    (fp_line (start -1.6 -0.8) (end 1.6 -0.8) (layer F.Fab) (width 0.1))
    (fp_line (start -1.6 0.8) (end -1.6 -0.8) (layer F.Fab) (width 0.1))
    (pad 2 smd roundrect (at 1.4875 0 180) (size 1.425 1.75) (layers F.Cu F.Paste F.Mask) (roundrect_rratio 0.175439)
      (net 2 GND))
    (pad 1 smd roundrect (at -1.4875 0 180) (size 1.425 1.75) (layers F.Cu F.Paste F.Mask) (roundrect_rratio 0.175439)
      (net 3 /Consigne_3V3_Avant))
    (model ${KISYS3DMOD}/Capacitor_SMD.3dshapes/C_1206_3216Metric.wrl
      (at (xyz 0 0 0))
      (scale (xyz 1 1 1))
      (rotate (xyz 0 0 0))
    )
  )

  (module Capacitor_SMD:C_1206_3216Metric_Pad1.42x1.75mm_HandSolder (layer F.Cu) (tedit 5B301BBE) (tstamp 5D8DFE23)
    (at 121.275 92.385)
    (descr "Capacitor SMD 1206 (3216 Metric), square (rectangular) end terminal, IPC_7351 nominal with elongated pad for handsoldering. (Body size source: http://www.tortai-tech.com/upload/download/2011102023233369053.pdf), generated with kicad-footprint-generator")
    (tags "capacitor handsolder")
    (path /5D310503)
    (attr smd)
    (fp_text reference C6 (at 0 -1.82) (layer F.SilkS)
      (effects (font (size 1 1) (thickness 0.15)))
    )
    (fp_text value 100nF (at 0 1.82) (layer F.Fab)
      (effects (font (size 1 1) (thickness 0.15)))
    )
    (fp_line (start -1.6 0.8) (end -1.6 -0.8) (layer F.Fab) (width 0.1))
    (fp_line (start -1.6 -0.8) (end 1.6 -0.8) (layer F.Fab) (width 0.1))
    (fp_line (start 1.6 -0.8) (end 1.6 0.8) (layer F.Fab) (width 0.1))
    (fp_line (start 1.6 0.8) (end -1.6 0.8) (layer F.Fab) (width 0.1))
    (fp_line (start -0.602064 -0.91) (end 0.602064 -0.91) (layer F.SilkS) (width 0.12))
    (fp_line (start -0.602064 0.91) (end 0.602064 0.91) (layer F.SilkS) (width 0.12))
    (fp_line (start -2.45 1.12) (end -2.45 -1.12) (layer F.CrtYd) (width 0.05))
    (fp_line (start -2.45 -1.12) (end 2.45 -1.12) (layer F.CrtYd) (width 0.05))
    (fp_line (start 2.45 -1.12) (end 2.45 1.12) (layer F.CrtYd) (width 0.05))
    (fp_line (start 2.45 1.12) (end -2.45 1.12) (layer F.CrtYd) (width 0.05))
    (fp_text user %R (at 0 0) (layer F.Fab)
      (effects (font (size 0.8 0.8) (thickness 0.12)))
    )
    (pad 1 smd roundrect (at -1.4875 0) (size 1.425 1.75) (layers F.Cu F.Paste F.Mask) (roundrect_rratio 0.175439)
      (net 4 /Consigne_3V3_Arriere))
    (pad 2 smd roundrect (at 1.4875 0) (size 1.425 1.75) (layers F.Cu F.Paste F.Mask) (roundrect_rratio 0.175439)
      (net 2 GND))
    (model ${KISYS3DMOD}/Capacitor_SMD.3dshapes/C_1206_3216Metric.wrl
      (at (xyz 0 0 0))
      (scale (xyz 1 1 1))
      (rotate (xyz 0 0 0))
    )
  )

  (module Package_TO_SOT_SMD:SOT-23 (layer F.Cu) (tedit 5A02FF57) (tstamp 5D8DFE9F)
    (at 126.99 96.195 270)
    (descr "SOT-23, Standard")
    (tags SOT-23)
    (path /5D9103BC)
    (attr smd)
    (fp_text reference D2 (at 0 -2.5 90) (layer F.SilkS)
      (effects (font (size 1 1) (thickness 0.15)))
    )
    (fp_text value BAT754S,125 (at 0 2.5 90) (layer F.Fab)
      (effects (font (size 1 1) (thickness 0.15)))
    )
    (fp_line (start 0.76 1.58) (end -0.7 1.58) (layer F.SilkS) (width 0.12))
    (fp_line (start 0.76 -1.58) (end -1.4 -1.58) (layer F.SilkS) (width 0.12))
    (fp_line (start -1.7 1.75) (end -1.7 -1.75) (layer F.CrtYd) (width 0.05))
    (fp_line (start 1.7 1.75) (end -1.7 1.75) (layer F.CrtYd) (width 0.05))
    (fp_line (start 1.7 -1.75) (end 1.7 1.75) (layer F.CrtYd) (width 0.05))
    (fp_line (start -1.7 -1.75) (end 1.7 -1.75) (layer F.CrtYd) (width 0.05))
    (fp_line (start 0.76 -1.58) (end 0.76 -0.65) (layer F.SilkS) (width 0.12))
    (fp_line (start 0.76 1.58) (end 0.76 0.65) (layer F.SilkS) (width 0.12))
    (fp_line (start -0.7 1.52) (end 0.7 1.52) (layer F.Fab) (width 0.1))
    (fp_line (start 0.7 -1.52) (end 0.7 1.52) (layer F.Fab) (width 0.1))
    (fp_line (start -0.7 -0.95) (end -0.15 -1.52) (layer F.Fab) (width 0.1))
    (fp_line (start -0.15 -1.52) (end 0.7 -1.52) (layer F.Fab) (width 0.1))
    (fp_line (start -0.7 -0.95) (end -0.7 1.5) (layer F.Fab) (width 0.1))
    (fp_text user %R (at 0 0) (layer F.Fab)
      (effects (font (size 0.5 0.5) (thickness 0.075)))
    )
    (pad 3 smd rect (at 1 0 270) (size 0.9 0.8) (layers F.Cu F.Paste F.Mask)
      (net 3 /Consigne_3V3_Avant))
    (pad 2 smd rect (at -1 0.95 270) (size 0.9 0.8) (layers F.Cu F.Paste F.Mask)
      (net 5 +3V3))
    (pad 1 smd rect (at -1 -0.95 270) (size 0.9 0.8) (layers F.Cu F.Paste F.Mask)
      (net 2 GND))
    (model ${KISYS3DMOD}/Package_TO_SOT_SMD.3dshapes/SOT-23.wrl
      (at (xyz 0 0 0))
      (scale (xyz 1 1 1))
      (rotate (xyz 0 0 0))
    )
  )

  (module Package_TO_SOT_SMD:SOT-23 (layer F.Cu) (tedit 5A02FF57) (tstamp 5D8DFEC7)
    (at 120.64 96.195 270)
    (descr "SOT-23, Standard")
    (tags SOT-23)
    (path /5D91123C)
    (attr smd)
    (fp_text reference D3 (at 0 -2.5 90) (layer F.SilkS)
      (effects (font (size 1 1) (thickness 0.15)))
    )
    (fp_text value BAT754S,125 (at 0 2.5 90) (layer F.Fab)
      (effects (font (size 1 1) (thickness 0.15)))
    )
    (fp_text user %R (at 0 0) (layer F.Fab)
      (effects (font (size 0.5 0.5) (thickness 0.075)))
    )
    (fp_line (start -0.7 -0.95) (end -0.7 1.5) (layer F.Fab) (width 0.1))
    (fp_line (start -0.15 -1.52) (end 0.7 -1.52) (layer F.Fab) (width 0.1))
    (fp_line (start -0.7 -0.95) (end -0.15 -1.52) (layer F.Fab) (width 0.1))
    (fp_line (start 0.7 -1.52) (end 0.7 1.52) (layer F.Fab) (width 0.1))
    (fp_line (start -0.7 1.52) (end 0.7 1.52) (layer F.Fab) (width 0.1))
    (fp_line (start 0.76 1.58) (end 0.76 0.65) (layer F.SilkS) (width 0.12))
    (fp_line (start 0.76 -1.58) (end 0.76 -0.65) (layer F.SilkS) (width 0.12))
    (fp_line (start -1.7 -1.75) (end 1.7 -1.75) (layer F.CrtYd) (width 0.05))
    (fp_line (start 1.7 -1.75) (end 1.7 1.75) (layer F.CrtYd) (width 0.05))
    (fp_line (start 1.7 1.75) (end -1.7 1.75) (layer F.CrtYd) (width 0.05))
    (fp_line (start -1.7 1.75) (end -1.7 -1.75) (layer F.CrtYd) (width 0.05))
    (fp_line (start 0.76 -1.58) (end -1.4 -1.58) (layer F.SilkS) (width 0.12))
    (fp_line (start 0.76 1.58) (end -0.7 1.58) (layer F.SilkS) (width 0.12))
    (pad 1 smd rect (at -1 -0.95 270) (size 0.9 0.8) (layers F.Cu F.Paste F.Mask)
      (net 2 GND))
    (pad 2 smd rect (at -1 0.95 270) (size 0.9 0.8) (layers F.Cu F.Paste F.Mask)
      (net 5 +3V3))
    (pad 3 smd rect (at 1 0 270) (size 0.9 0.8) (layers F.Cu F.Paste F.Mask)
      (net 4 /Consigne_3V3_Arriere))
    (model ${KISYS3DMOD}/Package_TO_SOT_SMD.3dshapes/SOT-23.wrl
      (at (xyz 0 0 0))
      (scale (xyz 1 1 1))
      (rotate (xyz 0 0 0))
    )
  )

  (module MountingHole:MountingHole_3.2mm_M3_ISO14580_Pad locked (layer F.Cu) (tedit 56D1B4CB) (tstamp 5D8DFEC8)
    (at 171 65)
    (descr "Mounting Hole 3.2mm, M3, ISO14580")
    (tags "mounting hole 3.2mm m3 iso14580")
    (path /5D2F2658)
    (attr virtual)
    (fp_text reference H1 (at 0 -3.75) (layer F.SilkS) hide
      (effects (font (size 1 1) (thickness 0.15)))
    )
    (fp_text value MountingHole_Pad (at 0 3.75) (layer F.Fab) hide
      (effects (font (size 1 1) (thickness 0.15)))
    )
    (fp_circle (center 0 0) (end 3 0) (layer F.CrtYd) (width 0.05))
    (fp_circle (center 0 0) (end 2.75 0) (layer Cmts.User) (width 0.15))
    (fp_text user %R (at 0.3 0) (layer F.Fab)
      (effects (font (size 1 1) (thickness 0.15)))
    )
    (pad 1 thru_hole circle (at 0 0) (size 5.5 5.5) (drill 3.2) (layers *.Cu *.Mask)
      (net 2 GND))
  )

  (module MountingHole:MountingHole_3.2mm_M3_ISO14580_Pad locked (layer F.Cu) (tedit 56D1B4CB) (tstamp 5D8DFECF)
    (at 85 108)
    (descr "Mounting Hole 3.2mm, M3, ISO14580")
    (tags "mounting hole 3.2mm m3 iso14580")
    (path /5D2F26FB)
    (attr virtual)
    (fp_text reference H2 (at 0 -3.75) (layer F.SilkS) hide
      (effects (font (size 1 1) (thickness 0.15)))
    )
    (fp_text value MountingHole_Pad (at 0 3.75) (layer F.Fab) hide
      (effects (font (size 1 1) (thickness 0.15)))
    )
    (fp_text user %R (at 0.3 0) (layer F.Fab)
      (effects (font (size 1 1) (thickness 0.15)))
    )
    (fp_circle (center 0 0) (end 2.75 0) (layer Cmts.User) (width 0.15))
    (fp_circle (center 0 0) (end 3 0) (layer F.CrtYd) (width 0.05))
    (pad 1 thru_hole circle (at 0 0) (size 5.5 5.5) (drill 3.2) (layers *.Cu *.Mask)
      (net 2 GND))
  )

  (module MountingHole:MountingHole_3.2mm_M3_ISO14580_Pad locked (layer F.Cu) (tedit 56D1B4CB) (tstamp 5D8DFED6)
    (at 85 65)
    (descr "Mounting Hole 3.2mm, M3, ISO14580")
    (tags "mounting hole 3.2mm m3 iso14580")
    (path /5D2F2813)
    (attr virtual)
    (fp_text reference H3 (at 0 -3.75) (layer F.SilkS) hide
      (effects (font (size 1 1) (thickness 0.15)))
    )
    (fp_text value MountingHole_Pad (at 0 3.75) (layer F.Fab) hide
      (effects (font (size 1 1) (thickness 0.15)))
    )
    (fp_circle (center 0 0) (end 3 0) (layer F.CrtYd) (width 0.05))
    (fp_circle (center 0 0) (end 2.75 0) (layer Cmts.User) (width 0.15))
    (fp_text user %R (at 0.3 0) (layer F.Fab)
      (effects (font (size 1 1) (thickness 0.15)))
    )
    (pad 1 thru_hole circle (at 0 0) (size 5.5 5.5) (drill 3.2) (layers *.Cu *.Mask)
      (net 2 GND))
  )

  (module MountingHole:MountingHole_3.2mm_M3_ISO14580_Pad locked (layer F.Cu) (tedit 56D1B4CB) (tstamp 5D8DFEDD)
    (at 171 108)
    (descr "Mounting Hole 3.2mm, M3, ISO14580")
    (tags "mounting hole 3.2mm m3 iso14580")
    (path /5D2F288E)
    (attr virtual)
    (fp_text reference H4 (at 0 -3.75) (layer F.SilkS) hide
      (effects (font (size 1 1) (thickness 0.15)))
    )
    (fp_text value MountingHole_Pad (at 0 3.75) (layer F.Fab) hide
      (effects (font (size 1 1) (thickness 0.15)))
    )
    (fp_text user %R (at 0.3 0) (layer F.Fab)
      (effects (font (size 1 1) (thickness 0.15)))
    )
    (fp_circle (center 0 0) (end 2.75 0) (layer Cmts.User) (width 0.15))
    (fp_circle (center 0 0) (end 3 0) (layer F.CrtYd) (width 0.05))
    (pad 1 thru_hole circle (at 0 0) (size 5.5 5.5) (drill 3.2) (layers *.Cu *.Mask)
      (net 2 GND))
  )

  (module Insa:DF3A-4P-2DS locked (layer B.Cu) (tedit 5D6F7ACD) (tstamp 5D8DFEE4)
    (at 134.61 106.355 180)
    (path /5D8D12A6)
    (fp_text reference J1 (at 3 2.6) (layer B.SilkS)
      (effects (font (size 1 1) (thickness 0.15)) (justify mirror))
    )
    (fp_text value Conn_01x04 (at 0 -7) (layer B.Fab)
      (effects (font (size 1 1) (thickness 0.15)) (justify mirror))
    )
    (fp_line (start 5 1.5) (end -5 1.5) (layer B.SilkS) (width 0.2))
    (fp_line (start -5 1.5) (end -5 -5.7) (layer B.SilkS) (width 0.2))
    (fp_line (start -5 -5.7) (end 5 -5.7) (layer B.SilkS) (width 0.2))
    (fp_line (start 5 -5.7) (end 5 1.5) (layer B.SilkS) (width 0.2))
    (fp_poly (pts (xy -3.4 2.8) (xy -3 2.1) (xy -2.6 2.8)) (layer B.SilkS) (width 0.1))
    (fp_line (start -5 1.5) (end 5 1.5) (layer B.CrtYd) (width 0.12))
    (fp_line (start 5 1.5) (end 5 -5.7) (layer B.CrtYd) (width 0.12))
    (fp_line (start 5 -5.7) (end -5 -5.7) (layer B.CrtYd) (width 0.12))
    (fp_line (start -5 -5.7) (end -5 1.5) (layer B.CrtYd) (width 0.12))
    (pad 2 thru_hole circle (at -1 0 180) (size 1.4 1.4) (drill 0.8) (layers *.Cu *.Mask)
      (net 23 /10V_Inclinaison_VA))
    (pad 3 thru_hole circle (at 1 0 180) (size 1.4 1.4) (drill 0.8) (layers *.Cu *.Mask)
      (net 24 /10V_Rotation_Pos))
    (pad 4 thru_hole circle (at 3 0 180) (size 1.4 1.4) (drill 0.8) (layers *.Cu *.Mask)
      (net 25 /10V_Inclinaison_Pos))
    (pad 1 thru_hole rect (at -3 0 180) (size 1.4 1.4) (drill 0.8) (layers *.Cu *.Mask)
      (net 26 /10V_Rotation_VA))
    (model "/home/dimercur/Documents/Travail/git/NXP_Cup/insa-nxpcup-1/pcb/Modeles 3D/DF3-4P-2DS.stp"
      (offset (xyz -7.65 -2.2 5.5))
      (scale (xyz 1 1 1))
      (rotate (xyz 180 0 0))
    )
  )

  (module Inductor_SMD:L_Bourns-SRN6028 (layer F.Cu) (tedit 5A01E340) (tstamp 5D8DFF46)
    (at 150.485 83.495)
    (descr "Bourns SRN6028 series SMD inductor")
    (tags "Bourns SRN6028 SMD inductor")
    (path /5D325DDF)
    (attr smd)
    (fp_text reference L1 (at -4.445 -0.635 90) (layer F.SilkS)
      (effects (font (size 1 1) (thickness 0.15)))
    )
    (fp_text value 100µH (at 0 -4) (layer F.Fab)
      (effects (font (size 1 1) (thickness 0.15)))
    )
    (fp_text user %R (at 0 0) (layer F.Fab)
      (effects (font (size 1 1) (thickness 0.15)))
    )
    (fp_line (start 3.3 3.1) (end -3.3 3.1) (layer F.Fab) (width 0.1))
    (fp_line (start -3.3 -3.1) (end 3.3 -3.1) (layer F.Fab) (width 0.1))
    (fp_line (start -3.4 -3.2) (end -3.4 -2) (layer F.SilkS) (width 0.12))
    (fp_line (start -3.4 -3.2) (end -2 -3.2) (layer F.SilkS) (width 0.12))
    (fp_line (start -3.3 -3.1) (end -3.3 3.1) (layer F.Fab) (width 0.1))
    (fp_line (start 3.3 -3.1) (end 3.3 3.1) (layer F.Fab) (width 0.1))
    (fp_line (start 3.4 -3.2) (end 2 -3.2) (layer F.SilkS) (width 0.12))
    (fp_line (start 3.4 -3.2) (end 3.4 -2) (layer F.SilkS) (width 0.12))
    (fp_line (start 3.4 3.2) (end 3.4 2) (layer F.SilkS) (width 0.12))
    (fp_line (start -3.4 3.2) (end -3.4 2) (layer F.SilkS) (width 0.12))
    (fp_line (start 3.4 3.2) (end 2 3.2) (layer F.SilkS) (width 0.12))
    (fp_line (start -3.4 3.2) (end -2 3.2) (layer F.SilkS) (width 0.12))
    (fp_line (start -3.3 -3.1) (end 3.3 -3.1) (layer F.CrtYd) (width 0.05))
    (fp_line (start 3.3 -3.1) (end 3.3 3.1) (layer F.CrtYd) (width 0.05))
    (fp_line (start 3.3 3.1) (end -3.3 3.1) (layer F.CrtYd) (width 0.05))
    (fp_line (start -3.3 -3.1) (end -3.3 3.1) (layer F.CrtYd) (width 0.05))
    (pad 1 smd rect (at -2.35 0) (size 1.6 5.7) (layers F.Cu F.Paste F.Mask)
      (net 1 +12V))
    (pad 2 smd rect (at 2.35 0) (size 1.6 5.7) (layers F.Cu F.Paste F.Mask)
      (net 6 VDD))
    (model "/home/dimercur/Documents/Travail/git/Helicoptere/pcb/Modeles 3D/SRN6028 series.stp"
      (offset (xyz 3 3 2.9))
      (scale (xyz 1 1 1))
      (rotate (xyz 90 0 0))
    )
  )

  (module Inductor_SMD:L_Wuerth_WE-PD2-Typ-L (layer F.Cu) (tedit 5990349D) (tstamp 5D8DFF57)
    (at 143.5 72.065 180)
    (descr "Choke, Drossel, WE-PD2, Typ L, Wuerth, SMD,")
    (tags "Choke Drossel WE-PD2 TypL Wuerth SMD ")
    (path /5D92C30F)
    (attr smd)
    (fp_text reference L2 (at 0 -4.75) (layer F.SilkS)
      (effects (font (size 1 1) (thickness 0.15)))
    )
    (fp_text value 10mH (at 0 5) (layer F.Fab)
      (effects (font (size 1 1) (thickness 0.15)))
    )
    (fp_text user %R (at 0 0) (layer F.Fab)
      (effects (font (size 1 1) (thickness 0.15)))
    )
    (fp_line (start -4.25 -4) (end 4.25 -4) (layer F.CrtYd) (width 0.05))
    (fp_line (start 4.25 -4) (end 4.25 4) (layer F.CrtYd) (width 0.05))
    (fp_line (start 4.25 4) (end -4.25 4) (layer F.CrtYd) (width 0.05))
    (fp_line (start -4.25 4) (end -4.25 -4) (layer F.CrtYd) (width 0.05))
    (fp_line (start -3.1 3.5) (end 3.1 3.5) (layer F.Fab) (width 0.1))
    (fp_line (start 3.1 -3.5) (end -3.1 -3.5) (layer F.Fab) (width 0.1))
    (fp_line (start -0.4 3.8) (end 0.4 3.8) (layer F.SilkS) (width 0.12))
    (fp_line (start -0.4 -3.8) (end 0.45 -3.8) (layer F.SilkS) (width 0.12))
    (fp_arc (start -3.9 0) (end 3.1 -3.5) (angle 53) (layer F.Fab) (width 0.1))
    (fp_arc (start 3.9 0) (end -3.1 3.5) (angle 53) (layer F.Fab) (width 0.1))
    (pad 1 smd rect (at -2.5 0 180) (size 3 7.5) (layers F.Cu F.Paste F.Mask)
      (net 5 +3V3))
    (pad 2 smd rect (at 2.5 0 180) (size 3 7.5) (layers F.Cu F.Paste F.Mask)
      (net 7 "Net-(C8-Pad1)"))
    (model "/home/dimercur/Documents/Travail/git/Helicoptere/pcb/Modeles 3D/STEP-WE-PD-7332-Metal-rev1.stp"
      (at (xyz 0 0 0))
      (scale (xyz 1 1 1))
      (rotate (xyz 0 0 0))
    )
  )

  (module Resistor_SMD:R_1206_3216Metric_Pad1.42x1.75mm_HandSolder (layer F.Cu) (tedit 5B301BBD) (tstamp 5D8DFF58)
    (at 125.085 101.275 270)
    (descr "Resistor SMD 1206 (3216 Metric), square (rectangular) end terminal, IPC_7351 nominal with elongated pad for handsoldering. (Body size source: http://www.tortai-tech.com/upload/download/2011102023233369053.pdf), generated with kicad-footprint-generator")
    (tags "resistor handsolder")
    (path /5D30DBA0)
    (attr smd)
    (fp_text reference R2 (at 5.715 -3.175 180) (layer F.SilkS)
      (effects (font (size 1 1) (thickness 0.15)))
    )
    (fp_text value 2,7k (at 0 1.82 90) (layer F.Fab)
      (effects (font (size 1 1) (thickness 0.15)))
    )
    (fp_line (start -1.6 0.8) (end -1.6 -0.8) (layer F.Fab) (width 0.1))
    (fp_line (start -1.6 -0.8) (end 1.6 -0.8) (layer F.Fab) (width 0.1))
    (fp_line (start 1.6 -0.8) (end 1.6 0.8) (layer F.Fab) (width 0.1))
    (fp_line (start 1.6 0.8) (end -1.6 0.8) (layer F.Fab) (width 0.1))
    (fp_line (start -0.602064 -0.91) (end 0.602064 -0.91) (layer F.SilkS) (width 0.12))
    (fp_line (start -0.602064 0.91) (end 0.602064 0.91) (layer F.SilkS) (width 0.12))
    (fp_line (start -2.45 1.12) (end -2.45 -1.12) (layer F.CrtYd) (width 0.05))
    (fp_line (start -2.45 -1.12) (end 2.45 -1.12) (layer F.CrtYd) (width 0.05))
    (fp_line (start 2.45 -1.12) (end 2.45 1.12) (layer F.CrtYd) (width 0.05))
    (fp_line (start 2.45 1.12) (end -2.45 1.12) (layer F.CrtYd) (width 0.05))
    (fp_text user %R (at 0 0 90) (layer F.Fab)
      (effects (font (size 0.8 0.8) (thickness 0.12)))
    )
    (pad 1 smd roundrect (at -1.4875 0 270) (size 1.425 1.75) (layers F.Cu F.Paste F.Mask) (roundrect_rratio 0.175439)
      (net 3 /Consigne_3V3_Avant))
    (pad 2 smd roundrect (at 1.4875 0 270) (size 1.425 1.75) (layers F.Cu F.Paste F.Mask) (roundrect_rratio 0.175439)
      (net 27 /Consigne_10V_Avant))
    (model ${KISYS3DMOD}/Resistor_SMD.3dshapes/R_1206_3216Metric.wrl
      (at (xyz 0 0 0))
      (scale (xyz 1 1 1))
      (rotate (xyz 0 0 0))
    )
  )

  (module Resistor_SMD:R_1206_3216Metric_Pad1.42x1.75mm_HandSolder (layer F.Cu) (tedit 5B301BBD) (tstamp 5D8DFF68)
    (at 128.26 101.275 270)
    (descr "Resistor SMD 1206 (3216 Metric), square (rectangular) end terminal, IPC_7351 nominal with elongated pad for handsoldering. (Body size source: http://www.tortai-tech.com/upload/download/2011102023233369053.pdf), generated with kicad-footprint-generator")
    (tags "resistor handsolder")
    (path /5D30F1D4)
    (attr smd)
    (fp_text reference R3 (at 3.81 0 180) (layer F.SilkS)
      (effects (font (size 1 1) (thickness 0.15)))
    )
    (fp_text value 1K (at 0 1.82 90) (layer F.Fab)
      (effects (font (size 1 1) (thickness 0.15)))
    )
    (fp_text user %R (at 0 0 90) (layer F.Fab)
      (effects (font (size 0.8 0.8) (thickness 0.12)))
    )
    (fp_line (start 2.45 1.12) (end -2.45 1.12) (layer F.CrtYd) (width 0.05))
    (fp_line (start 2.45 -1.12) (end 2.45 1.12) (layer F.CrtYd) (width 0.05))
    (fp_line (start -2.45 -1.12) (end 2.45 -1.12) (layer F.CrtYd) (width 0.05))
    (fp_line (start -2.45 1.12) (end -2.45 -1.12) (layer F.CrtYd) (width 0.05))
    (fp_line (start -0.602064 0.91) (end 0.602064 0.91) (layer F.SilkS) (width 0.12))
    (fp_line (start -0.602064 -0.91) (end 0.602064 -0.91) (layer F.SilkS) (width 0.12))
    (fp_line (start 1.6 0.8) (end -1.6 0.8) (layer F.Fab) (width 0.1))
    (fp_line (start 1.6 -0.8) (end 1.6 0.8) (layer F.Fab) (width 0.1))
    (fp_line (start -1.6 -0.8) (end 1.6 -0.8) (layer F.Fab) (width 0.1))
    (fp_line (start -1.6 0.8) (end -1.6 -0.8) (layer F.Fab) (width 0.1))
    (pad 2 smd roundrect (at 1.4875 0 270) (size 1.425 1.75) (layers F.Cu F.Paste F.Mask) (roundrect_rratio 0.175439)
      (net 2 GND))
    (pad 1 smd roundrect (at -1.4875 0 270) (size 1.425 1.75) (layers F.Cu F.Paste F.Mask) (roundrect_rratio 0.175439)
      (net 3 /Consigne_3V3_Avant))
    (model ${KISYS3DMOD}/Resistor_SMD.3dshapes/R_1206_3216Metric.wrl
      (at (xyz 0 0 0))
      (scale (xyz 1 1 1))
      (rotate (xyz 0 0 0))
    )
  )

  (module Resistor_SMD:R_1206_3216Metric_Pad1.42x1.75mm_HandSolder (layer F.Cu) (tedit 5B301BBD) (tstamp 5D8DFF78)
    (at 121.91 101.275 270)
    (descr "Resistor SMD 1206 (3216 Metric), square (rectangular) end terminal, IPC_7351 nominal with elongated pad for handsoldering. (Body size source: http://www.tortai-tech.com/upload/download/2011102023233369053.pdf), generated with kicad-footprint-generator")
    (tags "resistor handsolder")
    (path /5D378003)
    (attr smd)
    (fp_text reference R4 (at 5.715 3.175 180) (layer F.SilkS)
      (effects (font (size 1 1) (thickness 0.15)))
    )
    (fp_text value 2,7K (at 0 1.82 90) (layer F.Fab)
      (effects (font (size 1 1) (thickness 0.15)))
    )
    (fp_line (start -1.6 0.8) (end -1.6 -0.8) (layer F.Fab) (width 0.1))
    (fp_line (start -1.6 -0.8) (end 1.6 -0.8) (layer F.Fab) (width 0.1))
    (fp_line (start 1.6 -0.8) (end 1.6 0.8) (layer F.Fab) (width 0.1))
    (fp_line (start 1.6 0.8) (end -1.6 0.8) (layer F.Fab) (width 0.1))
    (fp_line (start -0.602064 -0.91) (end 0.602064 -0.91) (layer F.SilkS) (width 0.12))
    (fp_line (start -0.602064 0.91) (end 0.602064 0.91) (layer F.SilkS) (width 0.12))
    (fp_line (start -2.45 1.12) (end -2.45 -1.12) (layer F.CrtYd) (width 0.05))
    (fp_line (start -2.45 -1.12) (end 2.45 -1.12) (layer F.CrtYd) (width 0.05))
    (fp_line (start 2.45 -1.12) (end 2.45 1.12) (layer F.CrtYd) (width 0.05))
    (fp_line (start 2.45 1.12) (end -2.45 1.12) (layer F.CrtYd) (width 0.05))
    (fp_text user %R (at 0 0 90) (layer F.Fab)
      (effects (font (size 0.8 0.8) (thickness 0.12)))
    )
    (pad 1 smd roundrect (at -1.4875 0 270) (size 1.425 1.75) (layers F.Cu F.Paste F.Mask) (roundrect_rratio 0.175439)
      (net 4 /Consigne_3V3_Arriere))
    (pad 2 smd roundrect (at 1.4875 0 270) (size 1.425 1.75) (layers F.Cu F.Paste F.Mask) (roundrect_rratio 0.175439)
      (net 28 /Consigne_10V_Arriere))
    (model ${KISYS3DMOD}/Resistor_SMD.3dshapes/R_1206_3216Metric.wrl
      (at (xyz 0 0 0))
      (scale (xyz 1 1 1))
      (rotate (xyz 0 0 0))
    )
  )

  (module Resistor_SMD:R_1206_3216Metric_Pad1.42x1.75mm_HandSolder (layer F.Cu) (tedit 5B301BBD) (tstamp 5D8DFF88)
    (at 118.735 101.275 270)
    (descr "Resistor SMD 1206 (3216 Metric), square (rectangular) end terminal, IPC_7351 nominal with elongated pad for handsoldering. (Body size source: http://www.tortai-tech.com/upload/download/2011102023233369053.pdf), generated with kicad-footprint-generator")
    (tags "resistor handsolder")
    (path /5D30F535)
    (attr smd)
    (fp_text reference R5 (at 3.81 0 180) (layer F.SilkS)
      (effects (font (size 1 1) (thickness 0.15)))
    )
    (fp_text value 1K (at 0 1.82 90) (layer F.Fab)
      (effects (font (size 1 1) (thickness 0.15)))
    )
    (fp_line (start -1.6 0.8) (end -1.6 -0.8) (layer F.Fab) (width 0.1))
    (fp_line (start -1.6 -0.8) (end 1.6 -0.8) (layer F.Fab) (width 0.1))
    (fp_line (start 1.6 -0.8) (end 1.6 0.8) (layer F.Fab) (width 0.1))
    (fp_line (start 1.6 0.8) (end -1.6 0.8) (layer F.Fab) (width 0.1))
    (fp_line (start -0.602064 -0.91) (end 0.602064 -0.91) (layer F.SilkS) (width 0.12))
    (fp_line (start -0.602064 0.91) (end 0.602064 0.91) (layer F.SilkS) (width 0.12))
    (fp_line (start -2.45 1.12) (end -2.45 -1.12) (layer F.CrtYd) (width 0.05))
    (fp_line (start -2.45 -1.12) (end 2.45 -1.12) (layer F.CrtYd) (width 0.05))
    (fp_line (start 2.45 -1.12) (end 2.45 1.12) (layer F.CrtYd) (width 0.05))
    (fp_line (start 2.45 1.12) (end -2.45 1.12) (layer F.CrtYd) (width 0.05))
    (fp_text user %R (at 0 0 90) (layer F.Fab)
      (effects (font (size 0.8 0.8) (thickness 0.12)))
    )
    (pad 1 smd roundrect (at -1.4875 0 270) (size 1.425 1.75) (layers F.Cu F.Paste F.Mask) (roundrect_rratio 0.175439)
      (net 4 /Consigne_3V3_Arriere))
    (pad 2 smd roundrect (at 1.4875 0 270) (size 1.425 1.75) (layers F.Cu F.Paste F.Mask) (roundrect_rratio 0.175439)
      (net 2 GND))
    (model ${KISYS3DMOD}/Resistor_SMD.3dshapes/R_1206_3216Metric.wrl
      (at (xyz 0 0 0))
      (scale (xyz 1 1 1))
      (rotate (xyz 0 0 0))
    )
  )

  (module Resistor_SMD:R_1206_3216Metric_Pad1.42x1.75mm_HandSolder (layer F.Cu) (tedit 5B301BBD) (tstamp 5D8DFFA8)
    (at 115.56 101.275 270)
    (descr "Resistor SMD 1206 (3216 Metric), square (rectangular) end terminal, IPC_7351 nominal with elongated pad for handsoldering. (Body size source: http://www.tortai-tech.com/upload/download/2011102023233369053.pdf), generated with kicad-footprint-generator")
    (tags "resistor handsolder")
    (path /5D97C697)
    (attr smd)
    (fp_text reference R6 (at -3.81 0 180) (layer F.SilkS)
      (effects (font (size 1 1) (thickness 0.15)))
    )
    (fp_text value 100R (at 0 1.82 90) (layer F.Fab)
      (effects (font (size 1 1) (thickness 0.15)))
    )
    (fp_line (start -1.6 0.8) (end -1.6 -0.8) (layer F.Fab) (width 0.1))
    (fp_line (start -1.6 -0.8) (end 1.6 -0.8) (layer F.Fab) (width 0.1))
    (fp_line (start 1.6 -0.8) (end 1.6 0.8) (layer F.Fab) (width 0.1))
    (fp_line (start 1.6 0.8) (end -1.6 0.8) (layer F.Fab) (width 0.1))
    (fp_line (start -0.602064 -0.91) (end 0.602064 -0.91) (layer F.SilkS) (width 0.12))
    (fp_line (start -0.602064 0.91) (end 0.602064 0.91) (layer F.SilkS) (width 0.12))
    (fp_line (start -2.45 1.12) (end -2.45 -1.12) (layer F.CrtYd) (width 0.05))
    (fp_line (start -2.45 -1.12) (end 2.45 -1.12) (layer F.CrtYd) (width 0.05))
    (fp_line (start 2.45 -1.12) (end 2.45 1.12) (layer F.CrtYd) (width 0.05))
    (fp_line (start 2.45 1.12) (end -2.45 1.12) (layer F.CrtYd) (width 0.05))
    (fp_text user %R (at 0 0 90) (layer F.Fab)
      (effects (font (size 0.8 0.8) (thickness 0.12)))
    )
    (pad 1 smd roundrect (at -1.4875 0 270) (size 1.425 1.75) (layers F.Cu F.Paste F.Mask) (roundrect_rratio 0.175439)
      (net 10 /USART_TX))
    (pad 2 smd roundrect (at 1.4875 0 270) (size 1.425 1.75) (layers F.Cu F.Paste F.Mask) (roundrect_rratio 0.175439)
      (net 9 "Net-(J4-Pad1)"))
    (model ${KISYS3DMOD}/Resistor_SMD.3dshapes/R_1206_3216Metric.wrl
      (at (xyz 0 0 0))
      (scale (xyz 1 1 1))
      (rotate (xyz 0 0 0))
    )
  )

  (module Resistor_SMD:R_1206_3216Metric_Pad1.42x1.75mm_HandSolder (layer F.Cu) (tedit 5B301BBD) (tstamp 5D8DFFB9)
    (at 112.385 101.275 270)
    (descr "Resistor SMD 1206 (3216 Metric), square (rectangular) end terminal, IPC_7351 nominal with elongated pad for handsoldering. (Body size source: http://www.tortai-tech.com/upload/download/2011102023233369053.pdf), generated with kicad-footprint-generator")
    (tags "resistor handsolder")
    (path /5D97E2B0)
    (attr smd)
    (fp_text reference R7 (at -3.81 0 180) (layer F.SilkS)
      (effects (font (size 1 1) (thickness 0.15)))
    )
    (fp_text value 100R (at 0 1.82 90) (layer F.Fab)
      (effects (font (size 1 1) (thickness 0.15)))
    )
    (fp_text user %R (at 0 0 90) (layer F.Fab)
      (effects (font (size 0.8 0.8) (thickness 0.12)))
    )
    (fp_line (start 2.45 1.12) (end -2.45 1.12) (layer F.CrtYd) (width 0.05))
    (fp_line (start 2.45 -1.12) (end 2.45 1.12) (layer F.CrtYd) (width 0.05))
    (fp_line (start -2.45 -1.12) (end 2.45 -1.12) (layer F.CrtYd) (width 0.05))
    (fp_line (start -2.45 1.12) (end -2.45 -1.12) (layer F.CrtYd) (width 0.05))
    (fp_line (start -0.602064 0.91) (end 0.602064 0.91) (layer F.SilkS) (width 0.12))
    (fp_line (start -0.602064 -0.91) (end 0.602064 -0.91) (layer F.SilkS) (width 0.12))
    (fp_line (start 1.6 0.8) (end -1.6 0.8) (layer F.Fab) (width 0.1))
    (fp_line (start 1.6 -0.8) (end 1.6 0.8) (layer F.Fab) (width 0.1))
    (fp_line (start -1.6 -0.8) (end 1.6 -0.8) (layer F.Fab) (width 0.1))
